total lines: 1928
get_latest_diary -> [745]
manage_memory_house -> [1295]
save_expense -> [1333]
check_expense_report -> [1348]
manage_piggy_bank -> [1384]
mcp_error_handler -> [205, 877, 896, 929, 943, 957, 1011, 1294, 1332, 1347, 1383, 1411, 1420, 1429, 1438, 1447, 1456, 1469, 1480, 1493, 1507, 1516, 1531, 1543, 1554, 1565, 1576, 1585, 1594, 1603]
supabase = -> [73, 79]
def wallet_ -> [1412, 1421, 1430, 1439, 1448, 1457]
def house_ -> [1470, 1481, 1494, 1508, 1517]
def cat_ -> [1532, 1544, 1555, 1566, 1577, 1586, 1595, 1604]
cat_tick -> []
to_thread -> [309, 581, 761, 762, 763, 810, 836, 860, 883, 887, 889, 902, 918, 938, 950, 969, 973, 976, 981, 984, 987, 994, 997, 1007, 1020, 1029, 1032, 1035, 1042, 1050]
rpc_wallet -> []
rpc_house -> []
rpc_cat -> []
agent_outbound -> []
async def -> [208, 295, 558, 578, 745, 805, 871, 878, 897, 930, 944, 958, 1005, 1012, 1048, 1054, 1137, 1163, 1182, 1224, 1244, 1267, 1295, 1333, 1348, 1384, 1412, 1421, 1430, 1439]
PET_HOUSE -> []